<!DOCTYPE HTML>
<html>
  <head>
    <meta charset="UTF-8">
    <title>TOMTOM</title>
    <script>
      // @JSON_VAR data
      var data = {
        "program": "Tomtom",
        "version": "5.0.3",
        "release": "Sun Dec 02 18:41:45 2018 -0800",
        "cmd": [
          "tomtom", "-no-ssc", "-oc", ".", "-verbosity", "1", "-min-overlap",
          "5", "-dist", "pearson", "-evalue", "-thresh", "10.0",
          "query_motifs",
          "db/HUMAN/HOCOMOCOv11_core_HUMAN_mono_meme_format.meme"
        ],
        "options": {
          "strands": "both",
          "distance_measure": "pearson",
          "threshold_type": "evalue",
          "threshold_value": 10,
          "background_source": "--query--"
        },
        "alphabet": {
          "name": "DNA",
          "like": "dna",
          "ncore": 4,
          "symbols": [
            {
              "symbol": "A",
              "name": "Adenine",
              "colour": "CC0000",
              "complement": "T"
            }, {
              "symbol": "C",
              "name": "Cytosine",
              "colour": "0000CC",
              "complement": "G"
            }, {
              "symbol": "G",
              "name": "Guanine",
              "colour": "FFB300",
              "complement": "C"
            }, {
              "symbol": "T",
              "aliases": "U",
              "name": "Thymine",
              "colour": "008000",
              "complement": "A"
            }, {
              "symbol": "N",
              "aliases": "X.",
              "name": "Any base",
              "equals": "ACGT"
            }, {
              "symbol": "V",
              "name": "Not T",
              "equals": "ACG"
            }, {
              "symbol": "H",
              "name": "Not G",
              "equals": "ACT"
            }, {
              "symbol": "D",
              "name": "Not C",
              "equals": "AGT"
            }, {
              "symbol": "B",
              "name": "Not A",
              "equals": "CGT"
            }, {
              "symbol": "M",
              "name": "Amino",
              "equals": "AC"
            }, {
              "symbol": "R",
              "name": "Purine",
              "equals": "AG"
            }, {
              "symbol": "W",
              "name": "Weak",
              "equals": "AT"
            }, {
              "symbol": "S",
              "name": "Strong",
              "equals": "CG"
            }, {
              "symbol": "Y",
              "name": "Pyrimidine",
              "equals": "CT"
            }, {
              "symbol": "K",
              "name": "Keto",
              "equals": "GT"
            }
          ]
        },
        "background": [0.25, 0.25, 0.25, 0.25],
        "query_dbs": [
          {
            "source": "query_motifs",
            "name": "query_motifs",
            "loaded": 10,
            "excluded": 0,
            "last_modified": "Tue Dec 11 16:46:46 2018"
          }
        ],
        "target_dbs": [
          {
            "source": "db/HUMAN/HOCOMOCOv11_core_HUMAN_mono_meme_format.meme",
            "name": "HOCOMOCOv11_core_HUMAN_mono_meme_format",
            "loaded": 402,
            "excluded": 0,
            "last_modified": "Tue Aug 28 20:58:42 2018"
          }
        ],
        "queries": [
          {
            "db": 0,
            "id": "1",
            "alt": "GGTAAG",
            "len": 6,
            "nsites": 1,
            "pwm": [
              [0.0227273, 0.0227273, 0.931818, 0.0227273], 
              [0.0227273, 0.0227273, 0.931818, 0.0227273], 
              [0.0227273, 0.0227273, 0.0227273, 0.931818], 
              [0.931818, 0.0227273, 0.0227273, 0.0227273], 
              [0.931818, 0.0227273, 0.0227273, 0.0227273], 
              [0.0227273, 0.0227273, 0.931818, 0.0227273]
            ]
          }, {
            "db": 0,
            "id": "10",
            "alt": "TTGCAA",
            "len": 6,
            "nsites": 1,
            "pwm": [
              [0.0227273, 0.0227273, 0.0227273, 0.931818], 
              [0.0227273, 0.0227273, 0.0227273, 0.931818], 
              [0.0227273, 0.0227273, 0.931818, 0.0227273], 
              [0.0227273, 0.931818, 0.0227273, 0.0227273], 
              [0.931818, 0.0227273, 0.0227273, 0.0227273], 
              [0.931818, 0.0227273, 0.0227273, 0.0227273]
            ]
          }, {
            "db": 0,
            "id": "2",
            "alt": "TTACCT",
            "len": 6,
            "nsites": 1,
            "pwm": [
              [0.0227273, 0.0227273, 0.0227273, 0.931818], 
              [0.0227273, 0.0227273, 0.0227273, 0.931818], 
              [0.931818, 0.0227273, 0.0227273, 0.0227273], 
              [0.0227273, 0.931818, 0.0227273, 0.0227273], 
              [0.0227273, 0.931818, 0.0227273, 0.0227273], 
              [0.0227273, 0.0227273, 0.0227273, 0.931818]
            ]
          }, {
            "db": 0,
            "id": "3",
            "alt": "GTAAGT",
            "len": 6,
            "nsites": 1,
            "pwm": [
              [0.0227273, 0.0227273, 0.931818, 0.0227273], 
              [0.0227273, 0.0227273, 0.0227273, 0.931818], 
              [0.931818, 0.0227273, 0.0227273, 0.0227273], 
              [0.931818, 0.0227273, 0.0227273, 0.0227273], 
              [0.0227273, 0.0227273, 0.931818, 0.0227273], 
              [0.0227273, 0.0227273, 0.0227273, 0.931818]
            ]
          }, {
            "db": 0,
            "id": "4",
            "alt": "TACCTG",
            "len": 6,
            "nsites": 1,
            "pwm": [
              [0.0227273, 0.0227273, 0.0227273, 0.931818], 
              [0.931818, 0.0227273, 0.0227273, 0.0227273], 
              [0.0227273, 0.931818, 0.0227273, 0.0227273], 
              [0.0227273, 0.931818, 0.0227273, 0.0227273], 
              [0.0227273, 0.0227273, 0.0227273, 0.931818], 
              [0.0227273, 0.0227273, 0.931818, 0.0227273]
            ]
          }, {
            "db": 0,
            "id": "5",
            "alt": "GTGAGT",
            "len": 6,
            "nsites": 1,
            "pwm": [
              [0.0227273, 0.0227273, 0.931818, 0.0227273], 
              [0.0227273, 0.0227273, 0.0227273, 0.931818], 
              [0.0227273, 0.0227273, 0.931818, 0.0227273], 
              [0.931818, 0.0227273, 0.0227273, 0.0227273], 
              [0.0227273, 0.0227273, 0.931818, 0.0227273], 
              [0.0227273, 0.0227273, 0.0227273, 0.931818]
            ]
          }, {
            "db": 0,
            "id": "6",
            "alt": "GAGTCA",
            "len": 6,
            "nsites": 1,
            "pwm": [
              [0.0227273, 0.0227273, 0.931818, 0.0227273], 
              [0.931818, 0.0227273, 0.0227273, 0.0227273], 
              [0.0227273, 0.0227273, 0.931818, 0.0227273], 
              [0.0227273, 0.0227273, 0.0227273, 0.931818], 
              [0.0227273, 0.931818, 0.0227273, 0.0227273], 
              [0.931818, 0.0227273, 0.0227273, 0.0227273]
            ]
          }, {
            "db": 0,
            "id": "7",
            "alt": "GTCTCA",
            "len": 6,
            "nsites": 1,
            "pwm": [
              [0.0227273, 0.0227273, 0.931818, 0.0227273], 
              [0.0227273, 0.0227273, 0.0227273, 0.931818], 
              [0.0227273, 0.931818, 0.0227273, 0.0227273], 
              [0.0227273, 0.0227273, 0.0227273, 0.931818], 
              [0.0227273, 0.931818, 0.0227273, 0.0227273], 
              [0.931818, 0.0227273, 0.0227273, 0.0227273]
            ]
          }, {
            "db": 0,
            "id": "8",
            "alt": "ACTCAT",
            "len": 6,
            "nsites": 1,
            "pwm": [
              [0.931818, 0.0227273, 0.0227273, 0.0227273], 
              [0.0227273, 0.931818, 0.0227273, 0.0227273], 
              [0.0227273, 0.0227273, 0.0227273, 0.931818], 
              [0.0227273, 0.931818, 0.0227273, 0.0227273], 
              [0.931818, 0.0227273, 0.0227273, 0.0227273], 
              [0.0227273, 0.0227273, 0.0227273, 0.931818]
            ]
          }, {
            "db": 0,
            "id": "9",
            "alt": "CACATG",
            "len": 6,
            "nsites": 1,
            "pwm": [
              [0.0227273, 0.931818, 0.0227273, 0.0227273], 
              [0.931818, 0.0227273, 0.0227273, 0.0227273], 
              [0.0227273, 0.931818, 0.0227273, 0.0227273], 
              [0.931818, 0.0227273, 0.0227273, 0.0227273], 
              [0.0227273, 0.0227273, 0.0227273, 0.931818], 
              [0.0227273, 0.0227273, 0.931818, 0.0227273]
            ]
          }
        ],
        "targets": [
          {
            "db": 0,
            "id": "ARNT_HUMAN.H11MO.0.B",
            "len": 9,
            "nsites": 500,
            "evalue": "1.0e+000",
            "url": "http://hocomoco.autosome.ru/motif/ARNT_HUMAN.H11MO.0.B",
            "pwm": [
              [0.15202, 0.283993, 0.429964, 0.134023], 
              [0.138022, 0.0740352, 0.242002, 0.545941], 
              [0.70191, 0.030044, 0.246001, 0.0220456], 
              [0.010048, 0.94786, 0.00204959, 0.040042], 
              [0.00604879, 0.00204959, 0.989852, 0.00204959], 
              [4.999e-05, 4.999e-05, 0.00204959, 0.99785], 
              [4.999e-05, 0.00604879, 0.991852, 0.00204959], 
              [0.355979, 0.525945, 0.0240452, 0.0940312], 
              [0.154019, 0.50195, 0.144021, 0.20001]
            ]
          }, {
            "db": 0,
            "id": "ATF4_HUMAN.H11MO.0.A",
            "len": 12,
            "nsites": 500,
            "evalue": "1.0e+000",
            "url": "http://hocomoco.autosome.ru/motif/ATF4_HUMAN.H11MO.0.A",
            "pwm": [
              [0.39797, 0.0640372, 0.381974, 0.156019], 
              [0.236003, 0.186013, 0.393971, 0.184013], 
              [0.533943, 0.329984, 0.136023, 4.999e-05], 
              [0.00204959, 0.00204959, 4.999e-05, 0.995851], 
              [4.999e-05, 0.00604879, 0.977854, 0.0160468], 
              [0.979854, 0.00604879, 0.010048, 0.00404919], 
              [4.999e-05, 0.0520396, 0.00604879, 0.941862], 
              [4.999e-05, 0.00604879, 0.993851, 4.999e-05], 
              [0.10203, 0.80189, 0.00204959, 0.0940312], 
              [0.993851, 0.00604879, 4.999e-05, 4.999e-05], 
              [0.99785, 4.999e-05, 0.00204959, 4.999e-05], 
              [0.0160468, 0.291992, 0.130024, 0.561938]
            ]
          }, {
            "db": 0,
            "id": "ATOH1_HUMAN.H11MO.0.B",
            "len": 9,
            "nsites": 500,
            "evalue": "1.0e+000",
            "url": "http://hocomoco.autosome.ru/motif/ATOH1_HUMAN.H11MO.0.B",
            "pwm": [
              [0.533943, 0.0420416, 0.377974, 0.0460408], 
              [0.323985, 0.154019, 0.521946, 4.999e-05], 
              [0.00204959, 0.995851, 0.00204959, 4.999e-05], 
              [0.99785, 4.999e-05, 4.999e-05, 0.00204959], 
              [4.999e-05, 0.00804839, 0.973855, 0.0180464], 
              [0.585933, 0.379974, 0.0340432, 4.999e-05], 
              [0.0180464, 0.00604879, 0.00204959, 0.973855], 
              [0.00204959, 4.999e-05, 0.989852, 0.00804839], 
              [0.0320436, 0.110028, 0.721906, 0.136023]
            ]
          }, {
            "db": 0,
            "id": "BACH1_HUMAN.H11MO.0.A",
            "len": 13,
            "nsites": 500,
            "evalue": "1.0e+000",
            "url": "http://hocomoco.autosome.ru/motif/BACH1_HUMAN.H11MO.0.A",
            "pwm": [
              [0.0628514, 0.168181, 0.0975447, 0.671423], 
              [0.00920666, 0.066425, 0.922336, 0.00203205], 
              [0.0209144, 0.967526, 0.00397444, 0.00758555], 
              [0.0362182, 0.0795832, 0.080139, 0.80406], 
              [0.00389824, 0.0613564, 0.890887, 0.0438579], 
              [0.80282, 0.020619, 0.124523, 0.0520378], 
              [0.0133116, 0.214865, 0.763223, 0.00860036], 
              [0.00624957, 0.0361794, 0.145878, 0.811693], 
              [0.0162411, 0.943692, 0.0343167, 0.00574993], 
              [0.786281, 0.0958376, 0.0824533, 0.0354277], 
              [0.00982731, 0.334262, 0.256606, 0.399305], 
              [0.151628, 0.265556, 0.394692, 0.188124], 
              [0.105265, 0.378564, 0.372601, 0.143571]
            ]
          }, {
            "db": 0,
            "id": "BACH2_HUMAN.H11MO.0.A",
            "len": 11,
            "nsites": 500,
            "evalue": "1.0e+000",
            "url": "http://hocomoco.autosome.ru/motif/BACH2_HUMAN.H11MO.0.A",
            "pwm": [
              [0.122026, 0.0960308, 0.0680364, 0.713907], 
              [0.0140472, 0.0780344, 0.893871, 0.0140472], 
              [0.0440412, 0.923865, 0.0120476, 0.020046], 
              [0.0780344, 0.0380424, 0.00804839, 0.875875], 
              [0.0580384, 0.060038, 0.793891, 0.0880324], 
              [0.757898, 0.0380424, 0.0560388, 0.14802], 
              [0.0440412, 0.224005, 0.669916, 0.0620376], 
              [0.010048, 0.0160468, 0.00804839, 0.965857], 
              [0.060038, 0.919866, 0.0160468, 0.00404919], 
              [0.963857, 0.0120476, 0.00804839, 0.0160468], 
              [0.0560388, 0.319986, 0.212008, 0.411968]
            ]
          }, {
            "db": 0,
            "id": "BATF3_HUMAN.H11MO.0.B",
            "len": 17,
            "nsites": 500,
            "evalue": "1.0e+000",
            "url": "http://hocomoco.autosome.ru/motif/BATF3_HUMAN.H11MO.0.B",
            "pwm": [
              [0.172016, 0.353979, 0.206009, 0.267996], 
              [0.483953, 0.0560388, 0.244001, 0.216007], 
              [0.030044, 0.389972, 0.50195, 0.0780344], 
              [0.030044, 0.0160468, 0.0140472, 0.939862], 
              [0.0460408, 0.0640372, 0.00804839, 0.881874], 
              [0.0420416, 0.160018, 0.0420416, 0.755899], 
              [0.0180464, 0.855879, 0.020046, 0.106029], 
              [0.50195, 0.178014, 0.120026, 0.20001], 
              [0.210008, 0.182014, 0.218006, 0.389972], 
              [0.230004, 0.0420416, 0.0640372, 0.663917], 
              [0.481954, 0.19801, 0.0560388, 0.263997], 
              [0.00804839, 4.999e-05, 0.010048, 0.981854], 
              [0.0120476, 0.0240452, 0.809888, 0.154019], 
              [0.863877, 0.00604879, 0.0420416, 0.0880324], 
              [0.10003, 0.461958, 0.317986, 0.120026], 
              [0.252, 0.120026, 0.146021, 0.481954], 
              [0.242002, 0.385973, 0.186013, 0.186013]
            ]
          }, {
            "db": 0,
            "id": "BATF_HUMAN.H11MO.0.A",
            "len": 18,
            "nsites": 500,
            "evalue": "1.0e+000",
            "url": "http://hocomoco.autosome.ru/motif/BATF_HUMAN.H11MO.0.A",
            "pwm": [
              [0.45196, 0.0780344, 0.263997, 0.206009], 
              [0.0480404, 0.39997, 0.345981, 0.206009], 
              [0.0120476, 0.0180464, 0.0440412, 0.925865], 
              [0.134023, 0.327984, 0.0240452, 0.513947], 
              [0.0860328, 0.238002, 0.0520396, 0.623925], 
              [0.142022, 0.545941, 0.0460408, 0.265997], 
              [0.379974, 0.0860328, 0.395971, 0.138022], 
              [0.369976, 0.114027, 0.230004, 0.285993], 
              [0.337982, 0.0180464, 0.0840332, 0.559938], 
              [0.577934, 0.158018, 0.0220456, 0.242002], 
              [0.00204959, 0.00204959, 4.999e-05, 0.995851], 
              [0.00404919, 0.0560388, 0.84988, 0.090032], 
              [0.977854, 0.00804839, 0.0120476, 0.00204959], 
              [0.104029, 0.557938, 0.315987, 0.0220456], 
              [0.0720356, 0.030044, 0.020046, 0.877874], 
              [0.212008, 0.507948, 0.212008, 0.0680364], 
              [0.611928, 0.0840332, 0.110028, 0.194011], 
              [0.142022, 0.186013, 0.305989, 0.365977]
            ]
          }, {
            "db": 0,
            "id": "BHE40_HUMAN.H11MO.0.A",
            "len": 10,
            "nsites": 500,
            "evalue": "1.0e+000",
            "url": "http://hocomoco.autosome.ru/motif/BHE40_HUMAN.H11MO.0.A",
            "pwm": [
              [0.345981, 0.0840332, 0.369976, 0.20001], 
              [0.170016, 0.0140472, 0.627924, 0.188012], 
              [0.0980304, 0.89787, 0.00204959, 0.00204959], 
              [0.943861, 0.0120476, 0.0160468, 0.0280444], 
              [0.00804839, 0.929864, 0.0160468, 0.0460408], 
              [0.0520396, 0.0420416, 0.89987, 0.00604879], 
              [0.0460408, 0.0140472, 0.0460408, 0.893871], 
              [0.00204959, 4.999e-05, 0.99785, 4.999e-05], 
              [0.583933, 0.234003, 0.116027, 0.0660368], 
              [0.0920316, 0.457958, 0.379974, 0.070036]
            ]
          }, {
            "db": 0,
            "id": "BMAL1_HUMAN.H11MO.0.A",
            "len": 11,
            "nsites": 410,
            "evalue": "1.0e+000",
            "url": "http://hocomoco.autosome.ru/motif/BMAL1_HUMAN.H11MO.0.A",
            "pwm": [
              [0.160997, 0.160997, 0.370702, 0.307303], 
              [0.173189, 0.521885, 0.292673, 0.0122531], 
              [0.0658986, 0.926664, 0.00249939, 0.00493782], 
              [0.897403, 0.0122531, 0.034199, 0.0561448], 
              [0.0244453, 0.73159, 0.034199, 0.209766], 
              [0.00737625, 0.0220068, 0.951049, 0.0195684], 
              [0.0146915, 6.09607e-05, 0.0122531, 0.972994], 
              [6.09607e-05, 0.00493782, 0.975433, 0.0195684], 
              [0.453609, 0.26585, 0.0268837, 0.253658], 
              [0.051268, 0.492624, 0.292673, 0.163436], 
              [0.139051, 0.319495, 0.143928, 0.397525]
            ]
          }, {
            "db": 0,
            "id": "BRAC_HUMAN.H11MO.0.A",
            "len": 20,
            "nsites": 500,
            "evalue": "1.0e+000",
            "url": "http://hocomoco.autosome.ru/motif/BRAC_HUMAN.H11MO.0.A",
            "pwm": [
              [0.120026, 0.252, 0.146021, 0.481954], 
              [0.0780344, 0.20201, 0.106029, 0.613927], 
              [0.335983, 0.311988, 0.224005, 0.128024], 
              [0.333983, 0.164017, 0.379974, 0.122026], 
              [0.138022, 0.673915, 0.128024, 0.060038], 
              [0.669916, 0.0720356, 0.162018, 0.0960308], 
              [0.19801, 0.174015, 0.407968, 0.220006], 
              [0.182014, 0.252, 0.40197, 0.164017], 
              [0.244001, 0.166017, 0.339982, 0.25], 
              [0.469956, 0.190012, 0.230004, 0.110028], 
              [0.343981, 0.0520396, 0.437962, 0.166017], 
              [0.060038, 0.128024, 0.7479, 0.0640372], 
              [0.0380424, 0.0160468, 0.00404919, 0.941862], 
              [0.00204959, 0.0140472, 0.969856, 0.0140472], 
              [0.224005, 0.0520396, 0.0440412, 0.679914], 
              [0.0320436, 0.15202, 0.631924, 0.184013], 
              [0.905869, 0.020046, 0.0620376, 0.0120476], 
              [0.659918, 0.0580384, 0.222006, 0.060038], 
              [0.34998, 0.0880324, 0.261998, 0.29999], 
              [0.20001, 0.136023, 0.19801, 0.465957]
            ]
          }, {
            "db": 0,
            "id": "CEBPA_HUMAN.H11MO.0.A",
            "len": 12,
            "nsites": 500,
            "evalue": "1.0e+000",
            "url": "http://hocomoco.autosome.ru/motif/CEBPA_HUMAN.H11MO.0.A",
            "pwm": [
              [0.230004, 0.132024, 0.365977, 0.271996], 
              [0.345981, 0.182014, 0.465957, 0.00604879], 
              [0.00804839, 0.00404919, 0.00604879, 0.981854], 
              [0.00204959, 0.00204959, 0.279994, 0.715907], 
              [0.158018, 0.00804839, 0.619926, 0.214007], 
              [0.176015, 0.118026, 0.116027, 0.589932], 
              [4.999e-05, 4.999e-05, 0.995851, 0.00404919], 
              [0.156019, 0.771896, 4.999e-05, 0.0720356], 
              [0.983853, 0.010048, 0.00204959, 0.00404919], 
              [0.989852, 4.999e-05, 0.00804839, 0.00204959], 
              [0.0140472, 0.29799, 0.176015, 0.511948], 
              [0.319986, 0.331984, 0.222006, 0.126025]
            ]
          }, {
            "db": 0,
            "id": "CEBPB_HUMAN.H11MO.0.A",
            "len": 12,
            "nsites": 454,
            "evalue": "1.0e+000",
            "url": "http://hocomoco.autosome.ru/motif/CEBPB_HUMAN.H11MO.0.A",
            "pwm": [
              [0.237888, 0.0991522, 0.3524, 0.310559], 
              [0.4537, 0.132185, 0.387635, 0.026481], 
              [5.5054e-05, 0.00225721, 0.00225721, 0.995431], 
              [5.5054e-05, 5.5054e-05, 0.299549, 0.700341], 
              [0.301751, 0.00225721, 0.513158, 0.182834], 
              [0.167419, 0.25991, 0.0815349, 0.491136], 
              [5.5054e-05, 5.5054e-05, 0.999835, 5.5054e-05], 
              [0.0815349, 0.898536, 5.5054e-05, 0.0198745], 
              [0.999835, 5.5054e-05, 5.5054e-05, 5.5054e-05], 
              [0.999835, 5.5054e-05, 5.5054e-05, 5.5054e-05], 
              [5.5054e-05, 0.244495, 0.1476, 0.607851], 
              [0.370018, 0.332581, 0.182834, 0.114567]
            ]
          }, {
            "db": 0,
            "id": "CEBPD_HUMAN.H11MO.0.C",
            "len": 11,
            "nsites": 500,
            "evalue": "1.0e+000",
            "url": "http://hocomoco.autosome.ru/motif/CEBPD_HUMAN.H11MO.0.C",
            "pwm": [
              [0.454459, 0.232503, 0.268496, 0.0445411], 
              [0.00254949, 0.130524, 0.0205459, 0.846381], 
              [0.00654869, 0.0285443, 0.0185463, 0.946361], 
              [0.0425415, 0.0265447, 0.812388, 0.118526], 
              [0.0165467, 0.960358, 0.0105479, 0.0125475], 
              [0.458458, 0.120526, 0.278494, 0.142521], 
              [0.122525, 0.580434, 0.0265447, 0.270496], 
              [0.590432, 0.382474, 0.00454909, 0.0225455], 
              [0.828384, 0.0645371, 0.0445411, 0.0625375], 
              [0.0240452, 0.481954, 0.178014, 0.315987], 
              [0.208008, 0.487952, 0.0720356, 0.232004]
            ]
          }, {
            "db": 0,
            "id": "CEBPG_HUMAN.H11MO.0.B",
            "len": 12,
            "nsites": 500,
            "evalue": "1.0e+000",
            "url": "http://hocomoco.autosome.ru/motif/CEBPG_HUMAN.H11MO.0.B",
            "pwm": [
              [0.561938, 0.124025, 0.287992, 0.0260448], 
              [4.999e-05, 4.999e-05, 4.999e-05, 0.99985], 
              [0.00204959, 4.999e-05, 0.040042, 0.957858], 
              [0.176015, 0.00204959, 0.687912, 0.134023], 
              [0.00204959, 0.995851, 0.00204959, 4.999e-05], 
              [0.867876, 0.0420416, 0.0740352, 0.0160468], 
              [0.0160468, 0.0320436, 0.0140472, 0.937862], 
              [0.0560388, 0.923865, 0.00804839, 0.0120476], 
              [0.991852, 4.999e-05, 0.00604879, 0.00204959], 
              [0.0160468, 0.136023, 0.39797, 0.44996], 
              [0.255999, 0.39797, 0.132024, 0.214007], 
              [0.196011, 0.363977, 0.0940312, 0.345981]
            ]
          }, {
            "db": 0,
            "id": "CLOCK_HUMAN.H11MO.0.C",
            "len": 14,
            "nsites": 252,
            "evalue": "1.0e+000",
            "url": "http://hocomoco.autosome.ru/motif/CLOCK_HUMAN.H11MO.0.C",
            "pwm": [
              [0.158766, 0.599068, 0.1786, 0.063566], 
              [0.424534, 0.115133, 0.1905, 0.269833], 
              [0.2024, 0.146866, 0.511801, 0.138933], 
              [0.337267, 0.3214, 0.1667, 0.174633], 
              [0.0952995, 0.848969, 0.0437326, 0.0119992], 
              [0.809302, 0.063566, 0.0437326, 0.0833994], 
              [0.1548, 0.607001, 0.127033, 0.111166], 
              [0.253967, 0.0556327, 0.642701, 0.0476993], 
              [0.0952995, 0.1191, 0.0437326, 0.741868], 
              [0.0873661, 0.0238992, 0.860869, 0.0278659], 
              [0.400734, 0.313467, 0.1786, 0.1072], 
              [0.369, 0.242067, 0.281733, 0.1072], 
              [0.222233, 0.388834, 0.289667, 0.0992662], 
              [0.491967, 0.2976, 0.0238992, 0.186533]
            ]
          }, {
            "db": 0,
            "id": "COT2_HUMAN.H11MO.0.A",
            "len": 13,
            "nsites": 500,
            "evalue": "1.0e+000",
            "url": "http://hocomoco.autosome.ru/motif/COT2_HUMAN.H11MO.0.A",
            "pwm": [
              [0.18882, 0.470321, 0.185447, 0.155412], 
              [0.666713, 0.14924, 0.0850922, 0.0989545], 
              [0.531143, 0.0743138, 0.343923, 0.0506204], 
              [0.732758, 0.00214156, 0.259166, 0.00593431], 
              [0.00755762, 4.999e-05, 0.981054, 0.0113384], 
              [0.0355165, 0.0074742, 0.903614, 0.0533951], 
              [0.0075581, 0.050158, 0.0817676, 0.860516], 
              [0.0018688, 0.925665, 0.0217774, 0.0506891], 
              [0.988309, 4.999e-05, 0.00798988, 0.00365105], 
              [0.373561, 0.120966, 0.377556, 0.127917], 
              [0.408907, 0.116651, 0.38332, 0.0911222], 
              [0.212829, 0.0575095, 0.564802, 0.16486], 
              [0.232575, 0.127389, 0.379913, 0.260122]
            ]
          }, {
            "db": 0,
            "id": "EHF_HUMAN.H11MO.0.B",
            "len": 15,
            "nsites": 500,
            "evalue": "1.0e+000",
            "url": "http://hocomoco.autosome.ru/motif/EHF_HUMAN.H11MO.0.B",
            "pwm": [
              [0.25, 0.208008, 0.383973, 0.158018], 
              [0.445961, 0.156019, 0.166017, 0.232004], 
              [0.843881, 0.00604879, 0.00804839, 0.142022], 
              [0.142022, 0.44996, 0.192012, 0.216007], 
              [0.194011, 0.511948, 0.293991, 4.999e-05], 
              [0.753899, 0.228004, 0.0180464, 4.999e-05], 
              [4.999e-05, 4.999e-05, 0.99985, 4.999e-05], 
              [0.00204959, 4.999e-05, 0.99785, 4.999e-05], 
              [0.99785, 4.999e-05, 0.00204959, 4.999e-05], 
              [0.99785, 4.999e-05, 4.999e-05, 0.00204959], 
              [0.226005, 0.00804839, 0.765897, 4.999e-05], 
              [0.0320436, 0.184013, 0.0420416, 0.741902], 
              [0.269996, 0.10203, 0.405969, 0.222006], 
              [0.25, 0.246001, 0.407968, 0.0960308], 
              [0.168016, 0.359978, 0.353979, 0.118026]
            ]
          }, {
            "db": 0,
            "id": "ELF1_HUMAN.H11MO.0.A",
            "len": 14,
            "nsites": 500,
            "evalue": "1.0e+000",
            "url": "http://hocomoco.autosome.ru/motif/ELF1_HUMAN.H11MO.0.A",
            "pwm": [
              [0.25, 0.252, 0.40197, 0.0960308], 
              [0.457958, 0.15202, 0.267996, 0.122026], 
              [0.573935, 0.0880324, 0.128024, 0.210008], 
              [0.218006, 0.461958, 0.190012, 0.130024], 
              [0.10203, 0.677914, 0.208008, 0.0120476], 
              [0.29999, 0.673915, 0.0160468, 0.010048], 
              [4.999e-05, 4.999e-05, 0.99985, 4.999e-05], 
              [0.00604879, 4.999e-05, 0.993851, 4.999e-05], 
              [0.99785, 4.999e-05, 4.999e-05, 0.00204959], 
              [0.987852, 4.999e-05, 0.00204959, 0.010048], 
              [0.116027, 0.0320436, 0.839882, 0.0120476], 
              [0.136023, 0.164017, 0.0440412, 0.655919], 
              [0.158018, 0.156019, 0.577934, 0.108028], 
              [0.126025, 0.339982, 0.461958, 0.0720356]
            ]
          }, {
            "db": 0,
            "id": "ELF2_HUMAN.H11MO.0.C",
            "len": 13,
            "nsites": 500,
            "evalue": "1.0e+000",
            "url": "http://hocomoco.autosome.ru/motif/ELF2_HUMAN.H11MO.0.C",
            "pwm": [
              [0.391972, 0.15202, 0.317986, 0.138022], 
              [0.489952, 0.10203, 0.218006, 0.190012], 
              [0.311988, 0.317986, 0.29799, 0.0720356], 
              [0.0720356, 0.615927, 0.291992, 0.020046], 
              [0.232004, 0.739902, 0.0140472, 0.0140472], 
              [0.00804839, 4.999e-05, 0.985853, 0.00604879], 
              [0.0120476, 0.00804839, 0.977854, 0.00204959], 
              [0.973855, 0.010048, 0.00804839, 0.00804839], 
              [0.979854, 0.00204959, 0.00804839, 0.010048], 
              [0.0860328, 0.0140472, 0.889872, 0.010048], 
              [0.130024, 0.208008, 0.104029, 0.557938], 
              [0.196011, 0.142022, 0.55194, 0.110028], 
              [0.313987, 0.192012, 0.433963, 0.060038]
            ]
          }, {
            "db": 0,
            "id": "ELF3_HUMAN.H11MO.0.A",
            "len": 14,
            "nsites": 500,
            "evalue": "1.0e+000",
            "url": "http://hocomoco.autosome.ru/motif/ELF3_HUMAN.H11MO.0.A",
            "pwm": [
              [0.29799, 0.170016, 0.389972, 0.142022], 
              [0.44796, 0.15202, 0.188012, 0.212008], 
              [0.869876, 0.00604879, 0.0280444, 0.0960308], 
              [0.146021, 0.411968, 0.234003, 0.208008], 
              [0.271996, 0.385973, 0.341982, 4.999e-05], 
              [0.915867, 0.0640372, 0.0160468, 0.00404919], 
              [0.00204959, 4.999e-05, 0.983853, 0.0140472], 
              [4.999e-05, 0.00604879, 0.991852, 0.00204959], 
              [0.989852, 4.999e-05, 0.010048, 4.999e-05], 
              [0.977854, 4.999e-05, 0.010048, 0.0120476], 
              [0.29799, 0.0180464, 0.681914, 0.00204959], 
              [0.040042, 0.14802, 0.0520396, 0.759898], 
              [0.35198, 0.0640372, 0.39797, 0.186013], 
              [0.257998, 0.204009, 0.425965, 0.112028]
            ]
          }, {
            "db": 0,
            "id": "ELF5_HUMAN.H11MO.0.A",
            "len": 15,
            "nsites": 500,
            "evalue": "1.0e+000",
            "url": "http://hocomoco.autosome.ru/motif/ELF5_HUMAN.H11MO.0.A",
            "pwm": [
              [0.253999, 0.222006, 0.405969, 0.118026], 
              [0.216007, 0.20201, 0.491952, 0.090032], 
              [0.467956, 0.168016, 0.263997, 0.10003], 
              [0.79989, 0.0220456, 0.0740352, 0.104029], 
              [0.144021, 0.307988, 0.369976, 0.178014], 
              [0.184013, 0.365977, 0.443961, 0.00604879], 
              [0.683913, 0.257998, 0.05004, 0.00804839], 
              [4.999e-05, 4.999e-05, 0.99985, 4.999e-05], 
              [0.00604879, 0.00204959, 0.991852, 4.999e-05], 
              [0.991852, 4.999e-05, 0.00604879, 0.00204959], 
              [0.981854, 0.00604879, 0.00604879, 0.00604879], 
              [0.15002, 0.0180464, 0.827884, 0.00404919], 
              [0.158018, 0.154019, 0.124025, 0.563937], 
              [0.257998, 0.120026, 0.475955, 0.146021], 
              [0.279994, 0.220006, 0.395971, 0.104029]
            ]
          }, {
            "db": 0,
            "id": "ELK1_HUMAN.H11MO.0.B",
            "len": 11,
            "nsites": 500,
            "evalue": "1.0e+000",
            "url": "http://hocomoco.autosome.ru/motif/ELK1_HUMAN.H11MO.0.B",
            "pwm": [
              [0.503949, 0.130024, 0.261998, 0.104029], 
              [0.120026, 0.783893, 0.090032, 0.00604879], 
              [0.124025, 0.839882, 0.00204959, 0.0340432], 
              [0.00804839, 0.00404919, 0.985853, 0.00204959], 
              [0.00604879, 0.00204959, 0.991852, 4.999e-05], 
              [0.99785, 0.00204959, 4.999e-05, 4.999e-05], 
              [0.985853, 4.999e-05, 0.00404919, 0.010048], 
              [0.080034, 0.030044, 0.825885, 0.0640372], 
              [0.0280444, 0.168016, 0.0280444, 0.775895], 
              [0.116027, 0.110028, 0.643921, 0.130024], 
              [0.317986, 0.253999, 0.361978, 0.0660368]
            ]
          }, {
            "db": 0,
            "id": "ELK4_HUMAN.H11MO.0.A",
            "len": 12,
            "nsites": 500,
            "evalue": "1.0e+000",
            "url": "http://hocomoco.autosome.ru/motif/ELK4_HUMAN.H11MO.0.A",
            "pwm": [
              [0.20201, 0.259998, 0.437962, 0.10003], 
              [0.367976, 0.20201, 0.357978, 0.0720356], 
              [0.0580384, 0.823885, 0.108028, 0.010048], 
              [0.0480404, 0.89787, 4.999e-05, 0.0540392], 
              [0.00204959, 4.999e-05, 0.993851, 0.00404919], 
              [4.999e-05, 4.999e-05, 0.99785, 0.00204959], 
              [0.995851, 4.999e-05, 4.999e-05, 0.00404919], 
              [0.965857, 4.999e-05, 4.999e-05, 0.0340432], 
              [0.194011, 0.0360428, 0.727904, 0.0420416], 
              [0.0520396, 0.259998, 0.0480404, 0.639922], 
              [0.186013, 0.106029, 0.605929, 0.10203], 
              [0.238002, 0.244001, 0.439962, 0.0780344]
            ]
          }, {
            "db": 0,
            "id": "EPAS1_HUMAN.H11MO.0.B",
            "len": 9,
            "nsites": 500,
            "evalue": "1.0e+000",
            "url": "http://hocomoco.autosome.ru/motif/EPAS1_HUMAN.H11MO.0.B",
            "pwm": [
              [0.230004, 0.255999, 0.445961, 0.0680364], 
              [0.166017, 0.070036, 0.244001, 0.519946], 
              [0.865877, 0.020046, 0.108028, 0.00604879], 
              [0.020046, 0.911868, 0.0260448, 0.0420416], 
              [0.0160468, 0.010048, 0.969856, 0.00404919], 
              [4.999e-05, 4.999e-05, 0.00204959, 0.99785], 
              [4.999e-05, 4.999e-05, 0.99785, 0.00204959], 
              [0.373975, 0.469956, 0.060038, 0.0960308], 
              [0.160018, 0.489952, 0.134023, 0.216007]
            ]
          }, {
            "db": 0,
            "id": "ERR1_HUMAN.H11MO.0.A",
            "len": 15,
            "nsites": 284,
            "evalue": "1.0e+000",
            "url": "http://hocomoco.autosome.ru/motif/ERR1_HUMAN.H11MO.0.A",
            "pwm": [
              [0.102165, 0.408395, 0.228881, 0.26056], 
              [0.0775255, 0.390795, 0.0493664, 0.482313], 
              [0.102165, 0.682946, 0.183122, 0.031767], 
              [0.915259, 0.00712777, 0.0669659, 0.0106477], 
              [0.971577, 8.79972e-05, 0.0282471, 8.79972e-05], 
              [0.00360788, 8.79972e-05, 0.989176, 0.00712777], 
              [0.00712777, 0.00360788, 0.989176, 8.79972e-05], 
              [0.063446, 0.00360788, 0.0458465, 0.8871], 
              [8.79972e-05, 0.922298, 0.0528863, 0.0247272], 
              [0.985656, 0.00360788, 0.00712777, 0.00360788], 
              [0.23592, 0.429514, 0.140883, 0.193682], 
              [0.418955, 0.197202, 0.183122, 0.200722], 
              [0.147923, 0.345037, 0.302798, 0.204241], 
              [0.411915, 0.172562, 0.193682, 0.221841], 
              [0.207761, 0.24296, 0.397835, 0.151443]
            ]
          }, {
            "db": 0,
            "id": "ERR2_HUMAN.H11MO.0.A",
            "len": 9,
            "nsites": 3662,
            "evalue": "1.0e+000",
            "url": "http://hocomoco.autosome.ru/motif/ERR2_HUMAN.H11MO.0.A",
            "pwm": [
              [0.0588136, 0.303122, 0.169218, 0.468847], 
              [0.0678225, 0.711331, 0.14321, 0.077636], 
              [0.934264, 0.00636282, 0.0541157, 0.00525743], 
              [0.986217, 0.000614791, 0.0116687, 0.0014991], 
              [0.00553378, 0.000448983, 0.988926, 0.00509162], 
              [0.00243868, 0.00155437, 0.993789, 0.00221761], 
              [0.0388613, 0.0402052, 0.0884513, 0.832482], 
              [0.00188599, 0.876694, 0.0717641, 0.0496563], 
              [0.927725, 0.00492581, 0.060876, 0.00647336]
            ]
          }, {
            "db": 0,
            "id": "ERR3_HUMAN.H11MO.0.B",
            "len": 9,
            "nsites": 14,
            "evalue": "1.0e+000",
            "url": "http://hocomoco.autosome.ru/motif/ERR3_HUMAN.H11MO.0.B",
            "pwm": [
              [0.0710457, 0.00177305, 0.148015, 0.779166], 
              [0.0710457, 0.709893, 0.0710457, 0.148015], 
              [0.786863, 0.00177305, 0.209591, 0.00177305], 
              [0.994681, 0.00177305, 0.00177305, 0.00177305], 
              [0.00177305, 0.0710457, 0.856136, 0.0710457], 
              [0.00177305, 0.0710457, 0.925408, 0.00177305], 
              [0.0710457, 0.00177305, 0.00177305, 0.925408], 
              [0.0710457, 0.786863, 0.00177305, 0.140318], 
              [0.821499, 0.0364094, 0.105682, 0.0364094]
            ]
          }, {
            "db": 0,
            "id": "ETS1_HUMAN.H11MO.0.A",
            "len": 13,
            "nsites": 500,
            "evalue": "1.0e+000",
            "url": "http://hocomoco.autosome.ru/motif/ETS1_HUMAN.H11MO.0.A",
            "pwm": [
              [0.367976, 0.178014, 0.341982, 0.112028], 
              [0.259998, 0.182014, 0.471956, 0.0860328], 
              [0.479954, 0.0680364, 0.423965, 0.0280444], 
              [0.128024, 0.637922, 0.228004, 0.00604879], 
              [0.615927, 0.34998, 0.0340432, 4.999e-05], 
              [0.00404919, 4.999e-05, 0.993851, 0.00204959], 
              [0.0120476, 0.00604879, 0.979854, 0.00204959], 
              [0.991852, 0.00604879, 4.999e-05, 0.00204959], 
              [0.827884, 0.010048, 0.00404919, 0.158018], 
              [0.184013, 0.010048, 0.805889, 4.999e-05], 
              [0.0840332, 0.188012, 0.0580384, 0.669916], 
              [0.130024, 0.112028, 0.633923, 0.124025], 
              [0.138022, 0.126025, 0.627924, 0.108028]
            ]
          }, {
            "db": 0,
            "id": "ETV1_HUMAN.H11MO.0.A",
            "len": 11,
            "nsites": 500,
            "evalue": "1.0e+000",
            "url": "http://hocomoco.autosome.ru/motif/ETV1_HUMAN.H11MO.0.A",
            "pwm": [
              [0.15002, 0.244001, 0.483953, 0.122026], 
              [0.329984, 0.134023, 0.405969, 0.130024], 
              [0.0420416, 0.813887, 0.144021, 4.999e-05], 
              [0.216007, 0.765897, 0.00204959, 0.0160468], 
              [0.00404919, 4.999e-05, 0.995851, 4.999e-05], 
              [4.999e-05, 4.999e-05, 0.99985, 4.999e-05], 
              [0.99785, 4.999e-05, 0.00204959, 4.999e-05], 
              [0.929864, 0.00404919, 4.999e-05, 0.0660368], 
              [0.0760348, 0.0360428, 0.867876, 0.020046], 
              [0.0880324, 0.303989, 0.142022, 0.465957], 
              [0.194011, 0.14802, 0.525945, 0.132024]
            ]
          }, {
            "db": 0,
            "id": "ETV2_HUMAN.H11MO.0.B",
            "len": 16,
            "nsites": 229,
            "evalue": "1.0e+000",
            "url": "http://hocomoco.autosome.ru/motif/ETV2_HUMAN.H11MO.0.B",
            "pwm": [
              [0.323112, 0.174705, 0.353667, 0.148516], 
              [0.301288, 0.174705, 0.4366, 0.0874072], 
              [0.580642, 0.135421, 0.20526, 0.0786774], 
              [0.528263, 0.0612178, 0.384221, 0.0262986], 
              [0.563182, 0.0393933, 0.388586, 0.00883893], 
              [0.0262986, 0.87309, 0.0917722, 0.00883893], 
              [0.89055, 0.104867, 0.000109123, 0.00447403], 
              [0.000109123, 0.000109123, 0.999673, 0.000109123], 
              [0.000109123, 0.00447403, 0.995308, 0.000109123], 
              [0.986578, 0.000109123, 0.0132038, 0.000109123], 
              [0.929834, 0.000109123, 0.000109123, 0.0699476], 
              [0.475884, 0.0175687, 0.506438, 0.000109123], 
              [0.0568529, 0.323112, 0.0568529, 0.563182], 
              [0.349302, 0.135421, 0.406045, 0.109232], 
              [0.109232, 0.262003, 0.567547, 0.0612178], 
              [0.174705, 0.288193, 0.4366, 0.100502]
            ]
          }, {
            "db": 0,
            "id": "ETV4_HUMAN.H11MO.0.B",
            "len": 11,
            "nsites": 500,
            "evalue": "1.0e+000",
            "url": "http://hocomoco.autosome.ru/motif/ETV4_HUMAN.H11MO.0.B",
            "pwm": [
              [0.335983, 0.234003, 0.329984, 0.10003], 
              [0.383973, 0.134023, 0.319986, 0.162018], 
              [0.136023, 0.609928, 0.234003, 0.020046], 
              [0.955859, 0.010048, 0.020046, 0.0140472], 
              [0.00604879, 0.00204959, 0.975855, 0.0160468], 
              [0.0160468, 0.0260448, 0.957858, 4.999e-05], 
              [0.923865, 0.0160468, 0.05004, 0.010048], 
              [0.869876, 0.0140472, 0.0460408, 0.070036], 
              [0.307988, 0.0220456, 0.587932, 0.0820336], 
